623
562
559
490
453
434
422
354
320
320
309
307
298
279
264
260
237
237
236
234
234
233
227
225
224
220
219
218
215
207
202
199
195
184
184
180
171
170
170
170
167
164
161
158
158
158
154
150
149
149
148
147
147
144
144
144
144
143
139
139
139
139
139
136
136
135
134
134
131
130
130
130
130
130
128
127
125
124
120
120
120
120
120
119
119
119
118
118
115
115
115
115
115
112
112
112
111
110
110
110
110
109
108
108
108
107
106
104
103
101
99
98
96
96
96
95
92
91
90
89
88
88
88
87
86
86
84
82
82
80
80
80
79
78
73
71
70
70
70
70
66
66
66
64
63
62
62
62
60
60
59
54
53
52
51
50
50
50
50
49
47
47
46
46
41
38
37
37
35
35
34
34
34
34
34
33
33
33
32
31
30
30
28
27
25
24
23
23
22
20
20
20
20
20
20
18
17
17
17
15
15
12
12
11
10
9
9
8
7
7
7
7
6
5
5
4
4
4
3
3
3
2
2
2
2
2
2
2
2
2
1
1
1
1
1
0
0
0
0
0
0
0
0
